"","drug","n","n_minus","score"
"1","sunitinib",42,12,30
"2","bosutinib",19,2,17
"3","dasatinib",20,4,16
"4","ethoxzolamide",14,0,14
"5","triazolam",17,6,11
"6","diazepam",12,3,9
"7","flumazenil",9,2,7
"8","imatinib",9,2,7
"9","zolpidem",9,2,7
"10","meprobamate",7,1,6
"11","aclatonium",5,0,5
"12","alprazolam",6,1,5
"13","belinostat",11,6,5
"14","chlordiazepoxide",6,1,5
"15","clorazepate",6,1,5
"16","estazolam",6,1,5
"17","glycopyrronium bromide",5,0,5
"18","nilotinib",5,0,5
"19","panobinostat",11,6,5
"20","romidepsin",11,6,5
"21","sorafenib",14,9,5
"22","acetazolamide",4,0,4
"23","dichlorphenamide",4,0,4
"24","epinephrine",4,0,4
"25","erlotinib",4,0,4
"26","methazolamide",4,0,4
"27","midazolam",6,2,4
"28","ondansetron",4,0,4
"29","phentolamine",4,0,4
"30","propofol",4,0,4
"31","tetryzoline",4,0,4
"32","zopiclone",6,2,4
"33","amoxapine",3,0,3
"34","apraclonidine",3,0,3
"35","aripiprazole",3,0,3
"36","atropine",3,0,3
"37","brimonidine",3,0,3
"38","clonidine",3,0,3
"39","corbadrine",3,0,3
"40","dexmedetomidine",3,0,3
"41","dipivefrine",3,0,3
"42","droxidopa",4,1,3
"43","eszopiclone",6,3,3
"44","fulvestrant",3,0,3
"45","guanabenz",3,0,3
"46","hyoscyamine",3,0,3
"47","loxapine",3,0,3
"48","mazindol",3,0,3
"49","methyldopate",3,0,3
"50","metoclopramide",3,0,3
"51","naphazoline",3,0,3
"52","nefazodone",3,0,3
"53","nintedanib",15,12,3
"54","norepinephrine",3,0,3
"55","propantheline",3,0,3
"56","sertindole",4,1,3
"57","sibutramine",3,0,3
"58","tizanidine",3,0,3
"59","tolazoline",3,0,3
"60","trimipramine",3,0,3
"61","yohimbine",3,0,3
"62","zaleplon",3,0,3
"63","acemetacin",2,0,2
"64","acetylsalicylic acid",2,0,2
"65","adapalene",2,0,2
"66","adinazolam",5,3,2
"67","alitretinoin",3,1,2
"68","amfenac",2,0,2
"69","amfetamine",2,0,2
"70","aminosalicylic acid",2,0,2
"71","amisulpride",2,0,2
"72","amitriptyline",2,0,2
"73","anagliptin",3,1,2
"74","aripiprazole lauroxil",2,0,2
"75","asenapine",2,0,2
"76","balsalazide",2,0,2
"77","bazedoxifene",2,0,2
"78","bethanechol",2,0,2
"79","bicalutamide",2,0,2
"80","bismuth subsalicylate",2,0,2
"81","blonanserin",2,0,2
"82","brexpiprazole",2,0,2
"83","bromfenac",2,0,2
"84","bromocriptine",2,0,2
"85","bupropion",2,0,2
"86","butalbital",2,0,2
"87","carbamazepine",3,1,2
"88","carfenazine",2,0,2
"89","cariprazine",2,0,2
"90","cevimeline",2,0,2
"91","chlorhexidine",2,0,2
"92","chlorpromazine",2,0,2
"93","chlorprothixene",2,0,2
"94","clidinium",2,0,2
"95","clomipramine",2,0,2
"96","clozapine",2,0,2
"97","conjugated estrogens",2,0,2
"98","danazol",3,1,2
"99","desvenlafaxine",2,0,2
"100","dexamfetamine",2,0,2
"101","dexmethylphenidate",2,0,2
"102","diclofenac",2,0,2
"103","dicycloverine",2,0,2
"104","diethylpropion",2,0,2
"105","diflunisal",2,0,2
"106","diphemanil",2,0,2
"107","dosulepin",2,0,2
"108","doxepin",2,0,2
"109","droperidol",2,0,2
"110","duloxetine",2,0,2
"111","esaprazole",2,0,2
"112","estrone",3,1,2
"113","estrone sulphate",2,0,2
"114","ethchlorvynol",2,0,2
"115","etidocaine",3,1,2
"116","felbinac",2,0,2
"117","fenbufen",2,0,2
"118","fenoprofen",2,0,2
"119","fesoterodine",2,0,2
"120","floctafenine",2,0,2
"121","flufenamic acid",2,0,2
"122","flunitrazepam",3,1,2
"123","flurbiprofen",2,0,2
"124","fosfestrol",2,0,2
"125","fospropofol",5,3,2
"126","gefitinib",2,0,2
"127","glutethimide",2,0,2
"128","granisetron",2,0,2
"129","hexocyclium",2,0,2
"130","ibuprofen",2,0,2
"131","iloperidone",2,0,2
"132","imipramine",2,0,2
"133","indomethacin",2,0,2
"134","isopropamide",2,0,2
"135","ketoprofen",2,0,2
"136","ketorolac",2,0,2
"137","lapatinib",2,0,2
"138","lasofoxifene",2,0,2
"139","levomilnacipran",2,0,2
"140","lisdexamfetamine",2,0,2
"141","lofepramine",2,0,2
"142","lorazepam",2,0,2
"143","loxoprofen",2,0,2
"144","lurasidone",2,0,2
"145","masitinib",5,3,2
"146","meclofenamic acid",2,0,2
"147","mefenamic acid",2,0,2
"148","mepenzolate",2,0,2
"149","mesalazine",2,0,2
"150","mesoridazine",2,0,2
"151","methohexital",2,0,2
"152","methscopolamine",2,0,2
"153","methylphenidate",2,0,2
"154","methyprylon",2,0,2
"155","mianserin",3,1,2
"156","mifepristone",2,0,2
"157","milnacipran",2,0,2
"158","mitoxantrone",3,1,2
"159","naproxen",2,0,2
"160","nomifensine",2,0,2
"161","nortriptyline",2,0,2
"162","octatropine methylbromide",2,0,2
"163","olanzapine",2,0,2
"164","olsalazine",2,0,2
"165","oxaprozin",2,0,2
"166","oxazepam",2,0,2
"167","oxybutynin",2,0,2
"168","oxyphenbutazone",2,0,2
"169","oxyphencyclimine",2,0,2
"170","oxyphenonium",2,0,2
"171","paliperidone",2,0,2
"172","paliperidone palmitate",2,0,2
"173","palonosetron",2,0,2
"174","pentobarbital",2,0,2
"175","pergolide",2,0,2
"176","phendimetrazine",2,0,2
"177","phenmetrazine",2,0,2
"178","phenoxybenzamine",2,0,2
"179","piroxicam",2,0,2
"180","prazosin",2,0,2
"181","prochlorperazine",2,0,2
"182","promazine",2,0,2
"183","protriptyline",2,0,2
"184","quazepam",3,1,2
"185","quetiapine",2,0,2
"186","raloxifene",2,0,2
"187","risperidone",2,0,2
"188","saxagliptin",3,1,2
"189","solifenacin",2,0,2
"190","sulfasalazine",2,0,2
"191","suprofen",2,0,2
"192","tannic acid",2,0,2
"193","tazarotene",3,1,2
"194","teneligliptin",3,1,2
"195","thioridazine",2,0,2
"196","tiaprofenic acid",2,0,2
"197","tolmetin",2,0,2
"198","tolterodine",2,0,2
"199","trazodone",3,1,2
"200","tretinoin",3,1,2
"201","tridihexethyl",2,0,2
"202","tropisetron",3,1,2
"203","trospium",2,0,2
"204","vandetanib",4,2,2
"205","venlafaxine",2,0,2
"206","vildagliptin",3,1,2
"207","vorinostat",4,2,2
"208","vortioxetine",2,0,2
"209","ziprasidone",2,0,2
"210","aceclofenac",1,0,1
"211","aceprometazine",1,0,1
"212","acetophenazine",1,0,1
"213","acetylcholine",2,1,1
"214","acitretin",2,1,1
"215","aclidinium bromide",1,0,1
"216","acotiamide",1,0,1
"217","acrivastine",1,0,1
"218","afatinib",2,1,1
"219","alcaftadine",1,0,1
"220","alclometasone dipropionate",1,0,1
"221","alfuzosin",1,0,1
"222","alimemazine",1,0,1
"223","alosetron",1,0,1
"224","ambenonium",1,0,1
"225","amcinonide",1,0,1
"226","aminoglutethimide",1,0,1
"227","amiodarone",1,0,1
"228","anastrozole",1,0,1
"229","antazoline",1,0,1
"230","apomorphine",1,0,1
"231","armodafinil",1,0,1
"232","astemizole",1,0,1
"233","atomoxetine",1,0,1
"234","axitinib",4,3,1
"235","azasetron",1,0,1
"236","azatadine",1,0,1
"237","azelastine",1,0,1
"238","beclometasone dipropionate",1,0,1
"239","benzatropine",1,0,1
"240","benzbromarone",1,0,1
"241","benzphetamine",1,0,1
"242","benzquinamide",1,0,1
"243","bepotastine",1,0,1
"244","betamethasone",1,0,1
"245","betamethasone acetate",1,0,1
"246","betamethasone benzoate",1,0,1
"247","betamethasone dipropionate",1,0,1
"248","betamethasone phosphate",1,0,1
"249","betamethasone valerate",1,0,1
"250","betanidine",1,0,1
"251","bilastine",1,0,1
"252","biperiden",1,0,1
"253","bortezomib",4,3,1
"254","bretylium",1,0,1
"255","brinzolamide",1,0,1
"256","bromazine",1,0,1
"257","bromperidol",1,0,1
"258","brompheniramine",1,0,1
"259","buclizine",1,0,1
"260","budesonide",1,0,1
"261","bupivacaine",1,0,1
"262","cabergoline",1,0,1
"263","carbachol",1,0,1
"264","carbinoxamine",1,0,1
"265","carfilzomib",1,0,1
"266","carprofen",1,0,1
"267","celecoxib",1,0,1
"268","cetirizine",1,0,1
"269","cetuximab",1,0,1
"270","chidamide",4,3,1
"271","chlorotrianisene",1,0,1
"272","chlorphenamine",1,0,1
"273","chlorphentermine",1,0,1
"274","ciclesonide",1,0,1
"275","cisapride",1,0,1
"276","citalopram",1,0,1
"277","clemastine",1,0,1
"278","clobazam",1,0,1
"279","clobetasol propionate",1,0,1
"280","clocortolone pivalate",1,0,1
"281","clomifene",1,0,1
"282","clonazepam",1,0,1
"283","cobicistat",1,0,1
"284","cocaine",1,0,1
"285","cortisone",2,1,1
"286","cortivazol",1,0,1
"287","crizotinib",5,4,1
"288","cyclizine",1,0,1
"289","cyclobenzaprine",1,0,1
"290","cyclopentolate",1,0,1
"291","cycrimine",1,0,1
"292","cyproheptadine",1,0,1
"293","cyproterone acetate",1,0,1
"294","dapiprazole",1,0,1
"295","darifenacin",1,0,1
"296","demecarium",1,0,1
"297","desipramine",1,0,1
"298","desloratadine",1,0,1
"299","desogestrel",2,1,1
"300","desonide",1,0,1
"301","desoximetasone",1,0,1
"302","dexamethasone",1,0,1
"303","dexamethasone acetate",1,0,1
"304","dexamethasone phosphate",1,0,1
"305","dexbrompheniramine",1,0,1
"306","dexchlorpheniramine",1,0,1
"307","dexetimide",1,0,1
"308","dibrompropamidine",1,0,1
"309","dienestrol",1,0,1
"310","dienogest",1,0,1
"311","diethylstilbestrol",1,0,1
"312","diflorasone diacetate",1,0,1
"313","difluprednate",1,0,1
"314","dihydroergocristine",1,0,1
"315","dihydroergotamine",1,0,1
"316","dimenhydrinate",1,0,1
"317","diphenhydramine",1,0,1
"318","diphenidol",1,0,1
"319","diphenylpyraline",1,0,1
"320","disopyramide",1,0,1
"321","distigmine",1,0,1
"322","dofetilide",1,0,1
"323","dolasetron",1,0,1
"324","domperidone",1,0,1
"325","donepezil",1,0,1
"326","dorzolamide",1,0,1
"327","doxazosin",1,0,1
"328","doxylamine",1,0,1
"329","drospirenone",2,1,1
"330","drostanolone propionate",1,0,1
"331","dutasteride",2,1,1
"332","dydrogesterone",1,0,1
"333","ebastine",1,0,1
"334","echothiophate",1,0,1
"335","edrophonium",1,0,1
"336","emedastine",1,0,1
"337","enzalutamide",1,0,1
"338","epinastine",1,0,1
"339","ergotamine",1,0,1
"340","escitalopram",1,0,1
"341","estradiol",2,1,1
"342","estradiol acetate",1,0,1
"343","estradiol cypionate",1,0,1
"344","estradiol valerate",1,0,1
"345","estramustine phosphate",1,0,1
"346","ethinylestradiol",2,1,1
"347","ethylestrenol",1,0,1
"348","etodolac",1,0,1
"349","etomidate",1,0,1
"350","etonogestrel",2,1,1
"351","etoricoxib",1,0,1
"352","etynodiol",1,0,1
"353","exemestane",1,0,1
"354","fadrozole",1,0,1
"355","famotidine",1,0,1
"356","fexofenadine",1,0,1
"357","finasteride",2,1,1
"358","flecainide",1,0,1
"359","flibanserin",1,0,1
"360","fludroxycortide",1,0,1
"361","flumetasone pivalate",1,0,1
"362","flunisolide",1,0,1
"363","fluocinolone acetonide",1,0,1
"364","fluocinonide",1,0,1
"365","fluorometholone",1,0,1
"366","fluorometholone acetate",1,0,1
"367","fluostigmine",1,0,1
"368","fluoxetine",1,0,1
"369","fluoxymesterone",1,0,1
"370","flupentixol",1,0,1
"371","fluphenazine",1,0,1
"372","fluphenazine decanoate",1,0,1
"373","fluphenazine enanthate",1,0,1
"374","fluprednisolone",1,0,1
"375","flurazepam",1,0,1
"376","flutamide",1,0,1
"377","fluticasone furoate",1,0,1
"378","fluticasone propionate",1,0,1
"379","fluvoxamine",1,0,1
"380","fosphenytoin",1,0,1
"381","gabexate",1,0,1
"382","galantamine",1,0,1
"383","gallamine",1,0,1
"384","guanadrel",1,0,1
"385","guanethidine",1,0,1
"386","guanfacine",1,0,1
"387","halcinonide",1,0,1
"388","haloperidol",1,0,1
"389","haloperidol decanoate",1,0,1
"390","hexafluronium",1,0,1
"391","hexamidine",1,0,1
"392","histamine",1,0,1
"393","hydrocortamate",1,0,1
"394","hydrocortisone",2,1,1
"395","hydrocortisone acetate",1,0,1
"396","hydrocortisone butyrate",1,0,1
"397","hydrocortisone cypionate",1,0,1
"398","hydrocortisone probutate",1,0,1
"399","hydrocortisone succinate",1,0,1
"400","hydrocortisone valerate",1,0,1
"401","hydroxyprogesterone caproate",2,1,1
"402","hydroxyzine",1,0,1
"403","ibrutinib",2,1,1
"404","imidafenacin",1,0,1
"405","indecainide",1,0,1
"406","indisetron",1,0,1
"407","ipratropium",1,0,1
"408","iproniazid",1,0,1
"409","isocarboxazid",1,0,1
"410","isotretinoin",1,0,1
"411","ixazomib",1,0,1
"412","ketotifen",1,0,1
"413","lanreotide",2,1,1
"414","letrozole",1,0,1
"415","levobupivacaine",1,0,1
"416","levocabastine",1,0,1
"417","levocetirizine",1,0,1
"418","levodopa",1,0,1
"419","levonorgestrel",2,1,1
"420","linagliptin",2,1,1
"421","lisuride",1,0,1
"422","lofexidine",1,0,1
"423","loratadine",1,0,1
"424","losartan",2,1,1
"425","loteprednol etabonate",1,0,1
"426","lumiracoxib",1,0,1
"427","maprotiline",1,0,1
"428","mebanazine",1,0,1
"429","meclozine",1,0,1
"430","medroxyprogesterone",2,1,1
"431","medrysone",1,0,1
"432","megestrol acetate",1,0,1
"433","melatonin",3,2,1
"434","meloxicam",1,0,1
"435","meprednisone",1,0,1
"436","mepyramine",1,0,1
"437","mestanolone",2,1,1
"438","mestranol",1,0,1
"439","methacholine",1,0,1
"440","methamphetamine",1,0,1
"441","methdilazine",1,0,1
"442","methocarbamol",1,0,1
"443","methoxamine",1,0,1
"444","methoxyflurane",6,5,1
"445","methyldopa",1,0,1
"446","methylprednisolone",1,0,1
"447","methylprednisolone acetate",1,0,1
"448","methylprednisolone succinate",1,0,1
"449","methyltestosterone",2,1,1
"450","methysergide",2,1,1
"451","metixene",2,1,1
"452","mexiletine",4,3,1
"453","miglitol",3,2,1
"454","mirtazapine",2,1,1
"455","mizolastine",1,0,1
"456","moclobemide",1,0,1
"457","modafinil",1,0,1
"458","molindone",1,0,1
"459","mometasone furoate",1,0,1
"460","moracizine",1,0,1
"461","moxastine",1,0,1
"462","nabumetone",1,0,1
"463","naftopidil",1,0,1
"464","nandrolone",2,1,1
"465","nandrolone decanoate",1,0,1
"466","nandrolone phenpropionate",1,0,1
"467","necitumumab",1,0,1
"468","neostigmine",1,0,1
"469","nepafenac",1,0,1
"470","nifekalant",1,0,1
"471","nilutamide",1,0,1
"472","nitrazepam",1,0,1
"473","norelgestromin",1,0,1
"474","norethindrone acetate",1,0,1
"475","norethisterone",2,1,1
"476","norethynodrel",1,0,1
"477","norgestimate",1,0,1
"478","olopatadine",1,0,1
"479","orphenadrine",4,3,1
"480","osimertinib",1,0,1
"481","ospemifene",1,0,1
"482","oxandrolone",1,0,1
"483","oxatomide",1,0,1
"484","oxcarbazepine",1,0,1
"485","oxymetazoline",1,0,1
"486","oxymetholone",1,0,1
"487","ozagrel",1,0,1
"488","panitumumab",1,0,1
"489","paracetamol",1,0,1
"490","parecoxib",1,0,1
"491","pargyline",1,0,1
"492","paroxetine",1,0,1
"493","pentamidine",1,0,1
"494","pentazocine",1,0,1
"495","perospirone",1,0,1
"496","perphenazine",1,0,1
"497","pertuzumab",1,0,1
"498","phenelzine",1,0,1
"499","pheniprazine",1,0,1
"500","pheniramine",1,0,1
"501","phentermine",1,0,1
"502","phenylbutazone",1,0,1
"503","phenylephrine",1,0,1
"504","phenylpropanolamine",1,0,1
"505","phenyltoloxamine",1,0,1
"506","physostigmine",1,0,1
"507","pilocarpine",1,0,1
"508","pilsicainide",1,0,1
"509","pimozide",1,0,1
"510","pipotiazine palmitate",1,0,1
"511","pirenzepine",1,0,1
"512","piribedil",1,0,1
"513","pirlindole",1,0,1
"514","polyestradiol phosphate",1,0,1
"515","pralidoxime",1,0,1
"516","pramipexole",1,0,1
"517","prazepam",1,0,1
"518","prednicarbate",1,0,1
"519","prednisolone",1,0,1
"520","prednisolone acetate",1,0,1
"521","prednisolone sodium phosphate",1,0,1
"522","prednisolone tebutate",1,0,1
"523","prednisone",1,0,1
"524","primidone",1,0,1
"525","procyclidine",1,0,1
"526","profenamine",1,0,1
"527","promethazine",1,0,1
"528","propafenone",1,0,1
"529","propiomazine",1,0,1
"530","pseudoephedrine",1,0,1
"531","pyridostigmine",1,0,1
"532","pyrimethamine",1,0,1
"533","quinestrol",1,0,1
"534","quingestanol acetate",1,0,1
"535","ramosetron",1,0,1
"536","ranolazine",1,0,1
"537","regorafenib",3,2,1
"538","reserpine",1,0,1
"539","rimexolone",1,0,1
"540","ritonavir",1,0,1
"541","rivastigmine",2,1,1
"542","rofecoxib",1,0,1
"543","ropinirole",1,0,1
"544","rotigotine",1,0,1
"545","rupatadine",1,0,1
"546","saralasin",2,1,1
"547","scopolamine",1,0,1
"548","secbutabarbital",1,0,1
"549","secobarbital",1,0,1
"550","sertraline",1,0,1
"551","setastine",1,0,1
"552","sotalol",1,0,1
"553","stanozolol",1,0,1
"554","sulindac",1,0,1
"555","tacrine",2,1,1
"556","tadalafil",2,1,1
"557","talastine",1,0,1
"558","tamoxifen",1,0,1
"559","tapentadol",1,0,1
"560","telmisartan",2,1,1
"561","temazepam",1,0,1
"562","terazosin",1,0,1
"563","terfenadine",1,0,1
"564","testolactone",1,0,1
"565","testosterone",2,1,1
"566","testosterone cypionate",1,0,1
"567","testosterone enantate",1,0,1
"568","testosterone propionate",1,0,1
"569","testosterone undecanoate",1,0,1
"570","thiethylperazine",1,0,1
"571","thiopental",1,0,1
"572","thiothixene",1,0,1
"573","tiotropium bromide",1,0,1
"574","tofacitinib",8,7,1
"575","tolonium",1,0,1
"576","toloxatone",1,0,1
"577","toremifene",1,0,1
"578","trastuzumab",1,0,1
"579","triamcinolone",1,0,1
"580","triamcinolone acetonide",1,0,1
"581","triamcinolone diacetate",1,0,1
"582","triamcinolone hexacetonide",1,0,1
"583","triclocarban",1,0,1
"584","trifluoperazine",1,0,1
"585","triflupromazine",1,0,1
"586","trihexyphenidyl",1,0,1
"587","tripelennamine",1,0,1
"588","triprolidine",1,0,1
"589","tropicamide",1,0,1
"590","ulipristal",1,0,1
"591","ulobetasol propionate",1,0,1
"592","umeclidinium",1,0,1
"593","urapidil",1,0,1
"594","valdecoxib",1,0,1
"595","vardenafil",2,1,1
"596","verapamil",3,2,1
"597","vernakalant",1,0,1
"598","vilazodone",1,0,1
"599","viloxazine",1,0,1
"600","voglibose",1,0,1
"601","vorozole",1,0,1
"602","xylometazoline",1,0,1
"603","ziconotide",1,0,1
"604","zileuton",1,0,1
"605","zotepine",1,0,1
"606","zuclopenthixol",1,0,1
"607","(S)-nicardipine",1,1,0
"608","(S)-nitrendipine",1,1,0
"609","abarelix",1,1,0
"610","acipimox",1,1,0
"611","agomelatine",3,3,0
"612","alacepril",1,1,0
"613","alectinib",2,2,0
"614","alendronic acid",1,1,0
"615","alogliptin",1,1,0
"616","amiloride",3,3,0
"617","aminobutyric acid",1,1,0
"618","amlodipine",1,1,0
"619","amrinone",1,1,0
"620","anagrelide",1,1,0
"621","androstanolone",1,1,0
"622","androstenediol",1,1,0
"623","androstenedione",1,1,0
"624","apremilast",1,1,0
"625","aranidipine",1,1,0
"626","avanafil",1,1,0
"627","azelnidipine",1,1,0
"628","azilsartan medoxomil",1,1,0
"629","barnidipine",1,1,0
"630","becaplermin",2,2,0
"631","benazepril",1,1,0
"632","benidipine",1,1,0
"633","beraprost",1,1,0
"634","buserelin",1,1,0
"635","cabozantinib",5,5,0
"636","candesartan cilexetil",1,1,0
"637","canrenone",1,1,0
"638","captopril",1,1,0
"639","cediranib",6,6,0
"640","ceritinib",1,1,0
"641","cetrorelix",1,1,0
"642","cilazapril",1,1,0
"643","cilnidipine",1,1,0
"644","cilostazol",1,1,0
"645","cinchocaine",1,1,0
"646","clevidipine",1,1,0
"647","clotrimazole",1,1,0
"648","dabrafenib",1,1,0
"649","daunorubicin",1,1,0
"650","degarelix",1,1,0
"651","delapril",1,1,0
"652","desoxycorticosterone acetate",1,1,0
"653","desoxycorticosterone pivalate",1,1,0
"654","desoxycortone",2,2,0
"655","dexniguldipine",1,1,0
"656","dicoumarol",1,1,0
"657","diprophylline",2,2,0
"658","doxorubicin",1,1,0
"659","dronabinol",1,1,0
"660","efonidipine",1,1,0
"661","enalapril",1,1,0
"662","enalaprilat",1,1,0
"663","eplerenone",1,1,0
"664","epoprostenol",1,1,0
"665","eprosartan",1,1,0
"666","estriol",1,1,0
"667","estriol succinate",1,1,0
"668","ethisterone",1,1,0
"669","ethosuximide",1,1,0
"670","etoposide",1,1,0
"671","etoposide phosphate",1,1,0
"672","etretinate",1,1,0
"673","fasudil",1,1,0
"674","felodipine",1,1,0
"675","fimasartan",1,1,0
"676","fingolimod",4,4,0
"677","fludrocortisone acetate",1,1,0
"678","flunarizine",3,3,0
"679","fosinopril",1,1,0
"680","ganirelix",1,1,0
"681","gemigliptin",1,1,0
"682","gestrinone",1,1,0
"683","gonadorelin",1,1,0
"684","goserelin",1,1,0
"685","halazepam",5,5,0
"686","histrelin",1,1,0
"687","ibandronic acid",1,1,0
"688","idarubicin",1,1,0
"689","idelalisib",1,1,0
"690","iloprost",1,1,0
"691","imidapril",1,1,0
"692","incadronic acid",1,1,0
"693","irbesartan",1,1,0
"694","irinotecan",1,1,0
"695","isradipine",1,1,0
"696","ivermectin",2,2,0
"697","lacidipine",1,1,0
"698","lacosamide",1,1,0
"699","lansoprazole",1,1,0
"700","laropiprant",1,1,0
"701","leflunomide",1,1,0
"702","lercanidipine",1,1,0
"703","leuprorelin",1,1,0
"704","levamlodipine",1,1,0
"705","lidocaine",4,4,0
"706","lindane",1,1,0
"707","lisinopril",1,1,0
"708","lorcaserin",1,1,0
"709","manidipine",1,1,0
"710","mesterolone",1,1,0
"711","metharbital",5,5,0
"712","methsuximide",3,3,0
"713","mibefradil",1,1,0
"714","miglustat",2,2,0
"715","milrinone",1,1,0
"716","mirodenafil",1,1,0
"717","moexipril",1,1,0
"718","mycophenolate mofetil",2,2,0
"719","mycophenolic acid",2,2,0
"720","nafarelin",1,1,0
"721","nicardipine",1,1,0
"722","nicotinic acid",1,1,0
"723","nilvadipine",1,1,0
"724","nimodipine",1,1,0
"725","nisoldipine",1,1,0
"726","nitisinone",1,1,0
"727","olmesartan medoxomil",1,1,0
"728","olprinone",2,2,0
"729","omarigliptin",1,1,0
"730","palbociclib",1,1,0
"731","pamidronic acid",1,1,0
"732","paramethadione",3,3,0
"733","pasireotide",3,3,0
"734","perindopril",1,1,0
"735","phensuximide",3,3,0
"736","picrotoxin",1,1,0
"737","pimobendan",2,2,0
"738","ponatinib",1,1,0
"739","prasterone",1,1,0
"740","pregnenolone succinate",1,1,0
"741","quinapril",1,1,0
"742","quinidine",3,3,0
"743","ramelteon",2,2,0
"744","ramipril",1,1,0
"745","ramucirumab",1,1,0
"746","ribavirin",1,1,0
"747","riluzole",2,2,0
"748","ripasudil",1,1,0
"749","risedronic acid",1,1,0
"750","ruxolitinib",2,2,0
"751","selexipag",1,1,0
"752","sildenafil",1,1,0
"753","sitagliptin",1,1,0
"754","spirapril",1,1,0
"755","spironolactone",1,1,0
"756","tacrolimus",1,1,0
"757","talbutal",5,5,0
"758","tasimelteon",2,2,0
"759","tasosartan",1,1,0
"760","temocapril",1,1,0
"761","teniposide",1,1,0
"762","teriflunomide",1,1,0
"763","thiamylal",5,5,0
"764","thioguanine",2,2,0
"765","tiagabine",1,1,0
"766","topotecan",1,1,0
"767","trandolapril",1,1,0
"768","trelagliptin",1,1,0
"769","treprostinil",1,1,0
"770","triclofos",5,5,0
"771","trimethadione",1,1,0
"772","triptorelin",1,1,0
"773","udenafil",1,1,0
"774","valrubicin",1,1,0
"775","valsartan",1,1,0
"776","varenicline",1,1,0
"777","vemurafenib",1,1,0
"778","vorapaxar",1,1,0
"779","zofenopril",1,1,0
"780","zoledronic acid",1,1,0
"781","acarbose",2,3,-1
"782","acenocoumarol",0,1,-1
"783","adenosine",0,1,-1
"784","afamelanotide",0,1,-1
"785","alefacept",0,1,-1
"786","alemtuzumab",0,1,-1
"787","alirocumab",0,1,-1
"788","amlexanox",3,4,-1
"789","anakinra",0,1,-1
"790","aprotinin",0,1,-1
"791","arsenic trioxide",0,1,-1
"792","baclofen",0,1,-1
"793","belimumab",0,1,-1
"794","bendroflumethiazide",0,1,-1
"795","benzthiazide",0,1,-1
"796","bepridil",2,3,-1
"797","bimatoprost",0,1,-1
"798","bithionol",0,1,-1
"799","brivaracetam",0,1,-1
"800","caffeine",0,1,-1
"801","carbidopa",0,1,-1
"802","carboprost",0,1,-1
"803","ceruletide",0,1,-1
"804","cetilistat",0,1,-1
"805","chloroprocaine",0,1,-1
"806","chlorothiazide",0,1,-1
"807","chlortalidone",0,1,-1
"808","chlorzoxazone",0,1,-1
"809","ciclosporin",0,1,-1
"810","cilastatin",0,1,-1
"811","citric acid",0,1,-1
"812","corticorelin",0,1,-1
"813","corticotropin",0,1,-1
"814","crofelemer",0,1,-1
"815","cyclothiazide",0,1,-1
"816","daratumumab",0,1,-1
"817","denosumab",0,1,-1
"818","dequalinium",1,2,-1
"819","dexlansoprazole",0,1,-1
"820","dexrabeprazole",0,1,-1
"821","digitoxin",0,1,-1
"822","diltiazem",0,1,-1
"823","dinoprost",0,1,-1
"824","disulfiram",0,1,-1
"825","dyclonine",0,1,-1
"826","ecallantide",0,1,-1
"827","efalizumab",0,1,-1
"828","eliglustat",0,1,-1
"829","elotuzumab",0,1,-1
"830","eltrombopag",0,1,-1
"831","enzastaurin",0,1,-1
"832","esomeprazole",0,1,-1
"833","etanercept",0,1,-1
"834","everolimus",0,1,-1
"835","evolocumab",0,1,-1
"836","felbamate",0,1,-1
"837","filgrastim",0,1,-1
"838","fludarabine phosphate",0,1,-1
"839","gemtuzumab ozogamicin",0,1,-1
"840","glucagon",0,1,-1
"841","hydralazine",0,1,-1
"842","hydrochlorothiazide",0,1,-1
"843","hydroflumethiazide",0,1,-1
"844","hydroxychloroquine",0,1,-1
"845","ibritumomab tiuxetan",0,1,-1
"846","icatibant",0,1,-1
"847","icosapent ethyl",0,1,-1
"848","ilaprazole",0,1,-1
"849","imiquimod",0,1,-1
"850","indapamide",0,1,-1
"851","insulin aspart",0,1,-1
"852","insulin degludec",0,1,-1
"853","insulin detemir",0,1,-1
"854","insulin glargine",0,1,-1
"855","insulin glulisine",0,1,-1
"856","insulin human",0,1,-1
"857","insulin lispro",0,1,-1
"858","ipilimumab",0,1,-1
"859","ixekizumab",0,1,-1
"860","latanoprost",0,1,-1
"861","lenalidomide",0,1,-1
"862","lenvatinib",6,7,-1
"863","levetiracetam",0,1,-1
"864","levosimendan",0,1,-1
"865","lexipafant",0,1,-1
"866","linaclotide",0,1,-1
"867","lipegfilgrastim",0,1,-1
"868","lithium carbonate",0,1,-1
"869","lithium citrate",0,1,-1
"870","lomitapide",0,1,-1
"871","lonafarnib",0,1,-1
"872","lubiprostone",0,1,-1
"873","lusutrombopag",0,1,-1
"874","lypressin",0,1,-1
"875","memantine",0,1,-1
"876","mepivacaine",4,5,-1
"877","mercaptopurine",0,1,-1
"878","metamizole",0,1,-1
"879","methylclothiazide",0,1,-1
"880","metirosine",0,1,-1
"881","metolazone",0,1,-1
"882","metreleptin",0,1,-1
"883","mifamurtide",0,1,-1
"884","mirabegron",0,1,-1
"885","nafamostat",1,2,-1
"886","nitrendipine",2,3,-1
"887","nivolumab",0,1,-1
"888","obinutuzumab",0,1,-1
"889","octreotide",3,4,-1
"890","ofatumumab",0,1,-1
"891","olaparib",1,2,-1
"892","omeprazole",0,1,-1
"893","orlistat",0,1,-1
"894","palifermin",0,1,-1
"895","pantoprazole",0,1,-1
"896","parathyroid hormone",0,1,-1
"897","pazopanib",9,10,-1
"898","pegfilgrastim",0,1,-1
"899","pegvisomant",0,1,-1
"900","pembrolizumab",0,1,-1
"901","pentoxifylline",2,3,-1
"902","phenazone",0,1,-1
"903","phenibut",0,1,-1
"904","phenindione",0,1,-1
"905","phenprocoumon",0,1,-1
"906","phenytoin",4,5,-1
"907","pimecrolimus",0,1,-1
"908","piretanide",0,1,-1
"909","polythiazide",0,1,-1
"910","pomalidomide",0,1,-1
"911","procaine",0,1,-1
"912","propylthiouracil",0,1,-1
"913","propyphenazone",0,1,-1
"914","protirelin",0,1,-1
"915","quinethazone",0,1,-1
"916","rabeprazole",0,1,-1
"917","racecadotril",0,1,-1
"918","revaprazan",0,1,-1
"919","riociguat",0,1,-1
"920","rituximab",0,1,-1
"921","roflumilast",3,4,-1
"922","romiplostim",0,1,-1
"923","sacubitril",0,1,-1
"924","sapropterin",0,1,-1
"925","secretin human",0,1,-1
"926","secukinumab",0,1,-1
"927","seractide",0,1,-1
"928","sirolimus",0,1,-1
"929","sodium oxybate",0,1,-1
"930","somatostatin",3,4,-1
"931","somatrem",0,1,-1
"932","somatropin",0,1,-1
"933","sucralfate",0,1,-1
"934","tafluprost",0,1,-1
"935","taltirelin",0,1,-1
"936","teduglutide",0,1,-1
"937","temsirolimus",0,1,-1
"938","tenidap",0,1,-1
"939","teriparatide",0,1,-1
"940","tetracaine",4,5,-1
"941","tetracosactide",0,1,-1
"942","thalidomide",0,1,-1
"943","theophylline",2,3,-1
"944","thyrotropin alfa",0,1,-1
"945","tipiracil",0,1,-1
"946","tocilizumab",0,1,-1
"947","travoprost",0,1,-1
"948","trichlormethiazide",0,1,-1
"949","ustekinumab",0,1,-1
"950","valproic acid",0,1,-1
"951","vasopressin",0,1,-1
"952","vigabatrin",0,1,-1
"953","vonoprazan",0,1,-1
"954","warfarin",0,1,-1
"955","zonisamide",0,1,-1
"956","abatacept",0,2,-2
"957","acamprosate",2,4,-2
"958","acetohexamide",0,2,-2
"959","aflibercept",0,2,-2
"960","aldesleukin",0,2,-2
"961","articaine",1,3,-2
"962","atracurium",0,2,-2
"963","belatacept",0,2,-2
"964","carbutamide",0,2,-2
"965","chlorpropamide",0,2,-2
"966","cisatracurium",0,2,-2
"967","daclizumab",0,2,-2
"968","dantrolene",0,2,-2
"969","denileukin diftitox",0,2,-2
"970","diazoxide",0,2,-2
"971","dimethyltubocurarinium",0,2,-2
"972","doxacurium",0,2,-2
"973","doxapram",0,2,-2
"974","doxycycline",0,2,-2
"975","dronedarone",1,3,-2
"976","gabapentin",0,2,-2
"977","gabapentin enacarbil",0,2,-2
"978","glibenclamide",0,2,-2
"979","glibornuride",0,2,-2
"980","gliclazide",0,2,-2
"981","glimepiride",0,2,-2
"982","glipizide",0,2,-2
"983","gliquidone",0,2,-2
"984","glisoxepide",0,2,-2
"985","hexylcaine",1,3,-2
"986","hydroxycarbamide",0,2,-2
"987","ivabradine",0,2,-2
"988","lamotrigine",4,6,-2
"989","minoxidil",0,2,-2
"990","mitiglinide",0,2,-2
"991","mivacurium",0,2,-2
"992","nateglinide",0,2,-2
"993","nifedipine",1,3,-2
"994","oprelvekin",0,2,-2
"995","pancuronium",0,2,-2
"996","pentolonium",0,2,-2
"997","pinacidil",0,2,-2
"998","pipecuronium",0,2,-2
"999","pramlintide",0,2,-2
"1000","pregabalin",0,2,-2
"1001","prilocaine",1,3,-2
"1002","propoxycaine",1,3,-2
"1003","repaglinide",0,2,-2
"1004","rocuronium",0,2,-2
"1005","ropivacaine",4,6,-2
"1006","sargramostim",0,2,-2
"1007","tolazamide",0,2,-2
"1008","tolbutamide",0,2,-2
"1009","triamterene",1,3,-2
"1010","trimetaphan",0,2,-2
"1011","vecuronium",0,2,-2
"1012","vedolizumab",0,2,-2
"1013","alvocidib",1,4,-3
"1014","blinatumomab",0,3,-3
"1015","bufylline",5,8,-3
"1016","choline theophyllinate",5,8,-3
"1017","clofarabine",0,3,-3
"1018","cytarabine",0,3,-3
"1019","decamethonium",1,4,-3
"1020","enflurane",2,5,-3
"1021","fomepizole",0,3,-3
"1022","mecamylamine",0,3,-3
"1023","oxybuprocaine",1,4,-3
"1024","progesterone",2,5,-3
"1025","proparacaine",1,4,-3
"1026","rapacuronium",1,4,-3
"1027","retigabine",0,3,-3
"1028","sevoflurane",7,10,-3
"1029","suxamethonium",1,4,-3
"1030","tubocurarine",1,4,-3
"1031","amantadine",0,4,-4
"1032","benzocaine",4,8,-4
"1033","desflurane",7,11,-4
"1034","eslicarbazepine acetate",4,8,-4
"1035","ethotoin",4,8,-4
"1036","flavoxate",4,8,-4
"1037","glyceryl trinitrate",0,4,-4
"1038","halothane",7,11,-4
"1039","isoflurane",7,11,-4
"1040","isosorbide dinitrate",0,4,-4
"1041","isosorbide mononitrate",0,4,-4
"1042","ketamine",0,4,-4
"1043","mephenytoin",4,8,-4
"1044","natalizumab",0,4,-4
"1045","nicotine",0,4,-4
"1046","nitric oxide",0,4,-4
"1047","nitroprusside",0,4,-4
"1048","perampanel",0,4,-4
"1049","phenazopyridine",4,8,-4
"1050","procainamide",4,8,-4
"1051","rufinamide",4,8,-4
"1052","tocainide",4,8,-4
"1053","gemcitabine",0,5,-5
"1054","topiramate",4,10,-6
"1055","trastuzumab emtansine",2,9,-7
"1056","vinblastine",2,9,-7
"1057","acetyldigitoxin",0,8,-8
"1058","cabazitaxel",1,9,-8
"1059","deslanoside",0,8,-8
"1060","digoxin",0,8,-8
"1061","dipyridamole",11,19,-8
"1062","docetaxel",1,9,-8
"1063","eribulin",1,9,-8
"1064","ixabepilone",1,9,-8
"1065","paclitaxel",1,9,-8
"1066","vincristine",1,9,-8
"1067","vinflunine",1,9,-8
"1068","vinorelbine",1,9,-8
"1069","brentuximab vedotin",1,10,-9
"1070","amifampridine",3,36,-33
"1071","fampridine",3,36,-33
"1072","guanidine",3,36,-33
"1073","metformin",0,50,-50
